306357
715238
430949
556869
616653
515639
611912
632647
863517
503668
866585
974707
805669
185057
974120
257124
635928
627732
163184
131954
357865
804998
260790
378117
163960
522701
527677
38400
351938
534629
874168
90003
453485
932961
913098
371394
930913
286837
550951
305489
684763
661031
386934
764167
312735
971856
169827
141497
501341
929532
909346
377637
553211
160141
666348
3539
136898
77978
579504
602475
109049
635729
602482
227472
733676
645646
823919
757605
244226
506101
915692
720763
529619
37960
755977
168492
170788
687198
941858
473274
618622
356981
11718
595552
183783
932683
853387
865440
185298
986337
606375
611805
955951
840976
751052
296105
151358
662941
613450
690359
594998
311291
705554
492893
128192
297629
452573
940063
927649
76182
482852
168418
918089
194463
473983
468400
67213
130179
327941
734942
819440
223454
369529
942396
645024
458401
332770
614272
572112
702718
338469
74182
557144
916143
143587
992129
817662
605761
608790
528989
831439
735307
183168
44059
65395
172321
266867
929053
500268
236847
93217
897143
336252
674347
636327
523689
464951
182542
727313
495466
483678
992219
908185
186086
352586
127207
631837
208227
806292
178778
680101
884207
800228
366853
992340
22549
551834
111242
421019
599539
569259
5326
99350
20849
481522
388413
853083
495701
931046
354649
113701
686369
801208
192350
628697
616775
171111
59743
313715
73471
597506
111727
615749
83903
695719
859003
240336
149251
674357
968745
22706
451883
873569
572006
91639
886268
981481
467918
695921
828647
500166
596900
67959
37834
211423
85081
370071
78972
102405
140360
315072
357557
419128
612259
939895
844724
483963
575694
327598
222285
640441
299193
212418
781627
832580
23345
646083
485180
721967
587694
519025
424279
753970
549089
234479
247395
805079
603386
847106
902560
399853
263651
783122
659905
445394
175401
160723
51226
676483
568171
73020
258557
177183
233164
744546
894331
347003
599124
889968
776543
599717
934057
256672
789019
716599
445871
40277
700236
306298
842970
259167
606052
391387
362960
486021
503942
807993
167021
315847
472623
419651
87856
325801
33461
219407
759562
864210
182409
506265
655120
310516
281997
686815
620561
297805
68736
613673
301910
487752
23879
315129
251083
327364
641774
713935
775640
151953
663320
527941
476288
628926
799907
416864
868603
420029
676884
496017
420289
647115
742962
561112
754160
494187
692688
627541
856614
185485
523199
335671
96854
325307
108046
493994
368910
381888
49176
256533
163131
745515
728489
394463
175665
729173
639896
600823
97064
806611
984667
686182
328579
470598
460968
801309
179469
841334
46227
172335
744131
552419
823829
536447
743137
389420
697682
327091
187754
154759
509305
657206
379977
429109
92221
875969
815417
464634
331129
340349
732419
763624
618991
252327
375054
798649
129097
332904
473215
902877
735451
429923
154571
548188
537256
101752
604029
405677
421675
223798
952835
103986
619326
317167
199654
478573
589239
377380
543126
327179
622414
550563
698841
597069
765503
929037
132603
994181
311700
106369
281496
825117
284229
213973
151817
143214
415316
83785
558611
306389
299072
553607
186493
885594
192611
943706
564784
248985
491279
359276
270899
622802
503155
458964
224411
539475
494018
942205
589196
571503
308995
909460
987227
907243
75196
766229
347042
470373
18925
250361
724452
237791
492763
781342
379704
180662
939538
289675
506683
358915
641793
886612
820117
649356
23671
298323
204424
255351
72611
535544
942750
317607
173733
